1;4532;9.900000;1259;small
2;2911;9.900000;955;small
3;4702;9.900000;1449;small
4;4822;9.900000;1444;small
5;3870;9.900000;699;small
6;4370;9.900000;1696;small
7;3529;9.900000;798;small
8;3858;9.900000;1090;small
9;3163;9.900000;959;small
10;1061;9.900000;1281;small
11;909;9.900000;1810;small
12;4239;9.900000;942;small
13;3101;9.900000;1231;small
14;4167;9.900000;1137;small
15;728;9.900000;1723;small
16;884;9.900000;1644;small
17;5118;9.900000;1025;small
18;4829;9.900000;1618;small
19;1590;9.900000;1621;small
20;4041;9.900000;1375;small
21;3281;9.900000;866;small
22;3796;9.900000;1411;small
23;3019;9.900000;1070;small
24;1424;9.900000;2010;small
25;1194;9.900000;765;small
26;1370;9.900000;985;small
27;1254;9.900000;1635;small
28;2638;9.900000;1033;small
29;1684;9.900000;460;small
30;3345;9.900000;1056;small
31;1317;9.900000;1675;small
32;847;9.900000;526;small
33;5024;9.900000;350;small
34;3985;9.900000;1762;small
35;5367;9.900000;1759;small
36;4931;9.900000;1381;small
37;3376;9.900000;1327;small
38;1008;9.900000;1511;small
39;3984;9.900000;1491;small
40;4478;9.900000;1533;small
41;2348;9.900000;1315;small
42;1230;9.900000;560;small
43;2132;9.900000;403;small
44;3751;9.900000;853;small
45;856;9.900000;1885;small
46;2525;9.900000;1226;small
47;630;9.900000;1994;small
48;1509;9.900000;472;small
49;1254;9.900000;820;small
50;5427;9.900000;1655;small
51;4647;9.900000;703;small
52;4437;9.900000;1158;small
53;5123;9.900000;1772;small
54;5419;9.900000;756;small
55;4435;9.900000;1088;small
56;4714;9.900000;1730;small
57;3229;9.900000;587;small
58;5496;9.900000;1044;small
59;621;9.900000;850;small
60;4208;9.900000;921;small
61;2955;9.900000;933;small
62;1448;9.900000;743;small
63;5151;9.900000;644;small
64;4270;9.900000;1204;small
65;1576;9.900000;271;small
66;1027;9.900000;1298;small
67;5139;9.900000;1104;small
68;1744;9.900000;1985;small
69;5273;9.900000;548;small
70;1677;9.900000;1428;small
71;4166;9.900000;1430;small
72;4647;9.900000;1739;small
73;2721;9.900000;1085;small
74;4240;9.900000;1638;small
75;1466;9.900000;1953;small
76;3619;9.900000;1128;small
77;3458;9.900000;1422;small
78;2649;9.900000;543;small
79;4114;9.900000;1646;small
80;1980;9.900000;1179;small
81;1799;9.900000;1140;small
82;1395;9.900000;1365;small
83;3863;9.900000;1593;small
84;1701;9.900000;696;small
85;1201;9.900000;2046;small
86;4403;9.900000;441;small
87;4576;9.900000;851;small
88;1551;9.900000;1761;small
89;3411;9.900000;462;small
90;1886;9.900000;346;small
91;1965;9.900000;1010;small
92;4850;9.900000;882;small
93;4880;9.900000;1135;small
94;796;9.900000;998;small
95;4311;9.900000;561;small
96;4843;9.900000;413;small
97;1568;9.900000;1458;small
98;1898;9.900000;1775;small
99;4802;9.900000;596;small
100;3734;9.900000;968;small
101;5084;9.900000;1704;small
102;4803;9.900000;693;small
103;5457;9.900000;1189;small
104;1368;9.900000;1768;small
105;2289;9.900000;1278;small
106;1310;9.900000;316;small
107;1871;9.900000;599;small
108;4858;9.900000;1737;small
109;5127;9.900000;1509;small
110;1335;9.900000;720;small
111;877;9.900000;1935;small
112;2642;9.900000;1162;small
113;2728;9.900000;679;small
114;5114;9.900000;538;small
115;2709;9.900000;862;small
116;1501;9.900000;1231;small
117;2458;9.900000;1466;small
118;4342;9.900000;1361;small
119;1461;9.900000;350;small
120;1126;9.900000;1582;small
121;921;9.900000;929;small
122;2711;9.900000;568;small
123;2166;9.900000;750;small
124;4542;9.900000;740;small
125;5189;9.900000;1694;small
126;5089;9.900000;1141;small
127;5480;9.900000;838;small
128;5241;9.900000;1331;small
129;3523;9.900000;1191;small
130;3702;9.900000;1520;small
131;1855;9.900000;1445;small
132;3967;9.900000;668;small
133;4009;9.900000;1697;small
134;4474;9.900000;1304;small
135;1551;9.900000;1644;small
136;3391;9.900000;1077;small
137;4081;9.900000;1265;small
138;2453;9.900000;765;small
139;2432;9.900000;1146;small
140;1876;9.900000;1291;small
141;2181;9.900000;276;small
142;1893;9.900000;250;small
143;5440;9.900000;1338;small
144;1332;9.900000;1213;small
145;1592;9.900000;713;small
146;2878;9.900000;1019;small
147;2702;9.900000;1075;small
148;2246;9.900000;412;small
149;4545;9.900000;1785;small
150;3801;9.900000;1216;small
151;3986;9.900000;845;small
152;4655;9.900000;423;small
153;4294;9.900000;1480;small
154;2009;9.900000;1366;small
155;2043;9.900000;198;small
156;3690;9.900000;1294;small
157;749;9.900000;845;small
158;3082;9.900000;807;small
159;1840;9.900000;1965;small
160;3804;9.900000;822;small
161;4710;9.900000;1054;small
162;5348;9.900000;1370;small
163;1625;9.900000;1856;small
164;4430;9.900000;980;small
165;5108;9.900000;1561;small
166;3927;9.900000;1259;small
167;2625;9.900000;1342;small
168;2017;9.900000;1741;small
169;3830;9.900000;1517;small
170;4409;9.900000;1328;small
171;4945;9.900000;1587;small
172;4072;9.900000;950;small
173;4746;9.900000;964;small
174;578;9.900000;1748;small
175;2817;9.900000;788;small
176;1641;9.900000;1012;small
177;4970;9.900000;1282;small
178;996;9.900000;533;small
179;4981;9.900000;1396;small
180;4362;9.900000;1744;small
181;1932;9.900000;607;small
182;4461;9.900000;502;small
183;3992;9.900000;1052;small
184;5373;9.900000;675;small
185;1747;9.900000;1684;small
186;856;9.900000;836;small
187;3965;9.900000;810;small
188;535;9.900000;1709;small
189;220;9.900000;1733;small
190;5450;9.900000;742;small
191;2101;9.900000;1929;small
192;2289;9.900000;1568;small
193;2562;9.900000;1474;small
194;2367;9.900000;1056;small
195;3469;9.900000;2009;small
196;2653;9.900000;392;small
197;5631;9.900000;351;small
198;3635;9.900000;633;small
199;4391;9.900000;870;small
200;3009;9.900000;249;small
201;771;9.900000;488;small
202;3324;9.900000;46;small
203;3597;9.900000;335;small
204;422;9.900000;526;small
205;3380;9.900000;1388;small
206;608;9.900000;815;small
207;2678;9.900000;1957;small
208;4246;9.900000;2021;small
209;1566;9.900000;184;small
210;5372;9.900000;598;small
211;3571;9.900000;1970;small
212;80;9.900000;1865;small
213;4863;9.900000;2013;small
214;2321;9.900000;585;small
215;641;9.900000;1585;small
216;2157;9.900000;111;small
217;714;9.900000;1134;small
218;4044;9.900000;298;small
219;5627;9.900000;1512;small
220;5611;9.900000;1180;small
221;1754;9.900000;50;small
222;3020;9.900000;1453;small
223;3274;9.900000;1313;small
224;5176;9.900000;2005;small
225;3396;9.900000;300;small
226;1105;9.900000;60;small
227;475;9.900000;801;small
228;2935;9.900000;1646;small
229;5256;9.900000;497;small
230;1976;9.900000;684;small
231;546;9.900000;1179;small
232;2701;9.900000;113;small
